filename	read_id	run_id	batch_id	channel	mux	start_time	duration	num_events	passes_filtering	template_start	num_events_template	template_duration	sequence_length_template	mean_qscore_template	strand_score_template	median_template	mad_template	scaling_median_template	scaling_mad_template
curlcake_unmod.fast5	0b17d390-fbfe-41e2-bb47-3fc86391490c	0ac8beba0653c70e1d4b40b40a6c9884702d07b5	0	136	4	50107.826361	2.385126	718	FALSE	50109.876826	100	0.334661	1	3.854282	0.000000	114.333893	1.933182	114.333893	1.933182
curlcake_unmod.fast5	2133550e-a754-4bbd-a24c-55dd4970f121	0ac8beba0653c70e1d4b40b40a6c9884702d07b5	0	164	3	2545.458831	2.768924	834	FALSE	2547.588645	192	0.639110	10	2.519049	0.000000	69.456459	4.694870	69.456459	4.694870
curlcake_unmod.fast5	07f5e7d5-6dd6-4bdd-9a51-fd7a4aaa747a	0ac8beba0653c70e1d4b40b40a6c9884702d07b5	0	182	3	1063.477424	11.120518	3349	TRUE	1065.902058	2619	8.695883	667	10.977639	0.000000	86.440842	12.841850	86.440842	12.841850
curlcake_unmod.fast5	0a6b4d23-7123-41c1-8e6e-998d76085d15	0ac8beba0653c70e1d4b40b40a6c9884702d07b5	0	7	1	1974.801129	21.968127	6616	TRUE	1978.664675	5453	18.104582	1307	8.409986	0.000000	84.783829	13.118019	84.783829	13.118019
curlcake_unmod.fast5	03e058d7-c414-42d7-b73d-5a04ff9801e7	0ac8beba0653c70e1d4b40b40a6c9884702d07b5	0	263	1	10328.896746	15.264940	4597	TRUE	10332.490040	3515	11.671647	638	9.896578	0.000000	87.545517	12.979935	87.545517	12.979935
curlcake_unmod.fast5	12c7288e-4f1b-4d27-8588-1376cd642fb1	0ac8beba0653c70e1d4b40b40a6c9884702d07b5	0	351	2	1264.884794	9.295485	2799	TRUE	1268.334993	1760	5.845286	289	10.713264	0.000000	83.126816	13.256104	83.126816	13.256104
curlcake_unmod.fast5	1249386f-13bc-4d1e-a42a-8b5096d7479d	0ac8beba0653c70e1d4b40b40a6c9884702d07b5	0	467	1	48173.347610	16.477756	4963	FALSE	48177.851926	3606	11.973440	306	4.915006	0.000000	108.810516	8.975487	108.810516	8.975487
curlcake_unmod.fast5	317066aa-e1e3-45fd-a312-b782d6ea6c7f	0ac8beba0653c70e1d4b40b40a6c9884702d07b5	0	405	2	42455.489708	2.570053	774	FALSE	42457.700199	108	0.359562	12	2.839752	0.000000	94.863991	6.351883	94.863991	6.351883
curlcake_unmod.fast5	474c1118-a007-4992-be8e-feca8a339e78	0ac8beba0653c70e1d4b40b40a6c9884702d07b5	0	40	1	20956.036189	4.644090	1398	FALSE	20959.380478	391	1.299801	6	2.960598	0.000000	103.977562	2.347435	103.977562	2.347435
curlcake_unmod.fast5	0e6e9fdc-da7d-41ce-a12e-702ae840effa	0ac8beba0653c70e1d4b40b40a6c9884702d07b5	0	143	3	4345.279880	13.989708	4213	TRUE	4347.604914	3513	11.664675	635	9.861531	0.000000	90.583374	12.979935	90.583374	12.979935
curlcake_unmod.fast5	264474c3-570e-4344-b894-72e1ed7886cb	0ac8beba0653c70e1d4b40b40a6c9884702d07b5	0	411	4	27237.688247	7.045817	2122	TRUE	27239.643758	1533	5.090305	330	12.240243	0.000000	88.512108	12.427597	88.512108	12.427597
curlcake_unmod.fast5	22e8cda1-0f6b-4ec8-bcaf-9fdc086450a6	0ac8beba0653c70e1d4b40b40a6c9884702d07b5	0	119	1	29239.398738	24.787517	7466	TRUE	29242.783201	6446	21.403054	392	9.035965	0.000000	91.826134	13.808441	91.826134	13.808441
curlcake_unmod.fast5	0b3cc3ca-0e8e-4aef-8479-ad78fa4664cb	0ac8beba0653c70e1d4b40b40a6c9884702d07b5	0	12	4	46010.390106	17.656707	5318	TRUE	46012.073041	4811	15.973772	393	7.562924	0.000000	107.015419	9.942078	107.015419	9.942078
curlcake_unmod.fast5	1dd7a95c-d146-4fea-a57e-346eda5b2ffc	0ac8beba0653c70e1d4b40b40a6c9884702d07b5	0	40	1	18681.714143	26.672311	8033	FALSE	18684.935591	7063	23.450863	1158	6.802661	0.000000	88.926361	13.946526	88.926361	13.946526
curlcake_unmod.fast5	1cf347cc-0ed0-4ba9-8696-a9921b6f24c7	0ac8beba0653c70e1d4b40b40a6c9884702d07b5	0	477	1	2735.372510	37.026560	11152	TRUE	2735.372510	11152	37.026560	2166	10.522478	0.000000	88.374023	13.118019	88.374023	13.118019
curlcake_unmod.fast5	43e342f4-ad49-415c-a8b4-914ad1ea576f	711b965c4cd6704bebb7d654433bed4084a13f2f	0	402	3	21262.023572	2.872510	865	FALSE	21264.549469	104	0.346614	2	3.580036	0.000000	125.206261	2.208710	125.206261	2.208710
curlcake_unmod.fast5	20da92e8-8fd2-460a-84e7-9d66b27590dc	0ac8beba0653c70e1d4b40b40a6c9884702d07b5	0	184	2	7981.420651	9.833665	2961	TRUE	7981.420651	2961	9.833665	345	7.597187	0.000000	95.002075	12.565681	95.002075	12.565681
curlcake_unmod.fast5	7aec384b-027e-4c36-a6e5-e9fc6dc2ae1e	0ac8beba0653c70e1d4b40b40a6c9884702d07b5	0	80	2	3365.042165	2.880146	867	FALSE	3367.442895	144	0.479416	1	4.834303	0.000000	103.701393	2.209351	103.701393	2.209351
curlcake_unmod.fast5	d75c160a-7aa9-41fa-983a-654b6498a47f	0ac8beba0653c70e1d4b40b40a6c9884702d07b5	0	126	1	27584.994024	21.826693	6574	TRUE	27589.955843	5079	16.864874	545	7.337430	0.000000	90.997627	13.808441	90.997627	13.808441
curlcake_unmod.fast5	32a979ed-3938-4fa2-9323-83dd2ddcb82f	0ac8beba0653c70e1d4b40b40a6c9884702d07b5	0	198	2	74951.087981	7.788845	2346	FALSE	74951.240372	2300	7.636454	131	2.890545	0.000000	114.333893	6.213799	114.333893	6.213799
curlcake_unmod.fast5	7252f318-cd6c-405e-b07e-4592c7a7e238	0ac8beba0653c70e1d4b40b40a6c9884702d07b5	0	474	1	12185.001992	16.123174	4856	TRUE	12187.836321	4002	13.288845	1048	11.685207	0.000000	90.721458	13.808441	90.721458	13.808441
curlcake_unmod.fast5	d77da978-6592-41fd-92c4-c14ae050c0c2	0ac8beba0653c70e1d4b40b40a6c9884702d07b5	0	320	2	2498.641102	6.356906	1914	FALSE	2501.118858	1168	3.879150	179	6.804725	0.000000	83.955322	11.322922	83.955322	11.322922
curlcake_unmod.fast5	6fcd44d5-0aaa-4341-b01f-dfa21ba7364e	0ac8beba0653c70e1d4b40b40a6c9884702d07b5	0	332	1	238.493360	15.052125	4533	TRUE	238.626162	4493	14.919323	753	8.926189	0.000000	84.507660	14.222694	84.507660	14.222694
curlcake_unmod.fast5	f11907c8-973c-4797-8e25-88dbd9825f0f	0ac8beba0653c70e1d4b40b40a6c9884702d07b5	0	210	1	7667.091633	7.538181	2270	TRUE	7669.507968	1542	5.121846	335	10.628403	0.000000	89.616783	13.118019	89.616783	13.118019
curlcake_unmod.fast5	f5235c2e-e4ed-44f8-ae9a-cd55ff8d289d	0ac8beba0653c70e1d4b40b40a6c9884702d07b5	0	58	2	293.130478	11.219124	3379	FALSE	296.533201	2354	7.816401	110	4.971747	0.000000	93.621231	13.670357	93.621231	13.670357
curlcake_unmod.fast5	4fe55964-6db0-4e26-96e3-aa2b20f343ac	0ac8beba0653c70e1d4b40b40a6c9884702d07b5	0	104	3	36819.420983	3.792497	1142	FALSE	36819.420983	1142	3.792497	63	4.124369	0.000000	98.868439	16.155876	98.868439	16.155876
curlcake_unmod.fast5	6f06f373-38a2-402b-a08e-aaa6ce2550ff	0ac8beba0653c70e1d4b40b40a6c9884702d07b5	0	237	2	7425.476428	9.031541	2720	TRUE	7427.402058	2140	7.105910	534	12.082563	0.000000	87.821686	13.256104	87.821686	13.256104
curlcake_unmod.fast5	6dbe5146-9177-418c-a2a5-73388a930c37	0ac8beba0653c70e1d4b40b40a6c9884702d07b5	0	386	4	25686.518260	11.063745	3332	TRUE	25688.957503	2597	8.624502	495	10.972980	0.000000	92.930809	12.979935	92.930809	12.979935
curlcake_unmod.fast5	78dce91b-a75e-4dc2-bf31-e0f350fc46bd	0ac8beba0653c70e1d4b40b40a6c9884702d07b5	0	269	4	2623.114542	20.522244	6181	TRUE	2623.286521	6129	20.350266	804	9.979263	0.000000	83.955322	14.636948	83.955322	14.636948
curlcake_unmod.fast5	b93c7afd-9401-4ed6-9faf-c5c58dd6e2bb	0ac8beba0653c70e1d4b40b40a6c9884702d07b5	0	511	3	11655.594622	8.993028	2708	FALSE	11660.509628	1228	4.078021	109	4.509554	0.000000	101.215874	6.628052	101.215874	6.628052
curlcake_unmod.fast5	2ac5a196-09fe-430f-bc03-03f8826bbe74	0ac8beba0653c70e1d4b40b40a6c9884702d07b5	0	235	4	10444.884130	14.910027	4490	TRUE	10447.982736	3557	11.811421	363	8.384819	0.000000	89.202530	8.561234	89.202530	8.561234
curlcake_unmod.fast5	4f8e2264-441e-4f00-90e3-55f1b70fa3fa	0ac8beba0653c70e1d4b40b40a6c9884702d07b5	0	271	2	21047.302789	33.956507	10227	TRUE	21049.478752	9572	31.780544	2285	11.228059	0.000000	92.792725	13.670357	92.792725	13.670357
curlcake_unmod.fast5	dd32e0e8-641c-47b4-ad68-b496a189b16e	0ac8beba0653c70e1d4b40b40a6c9884702d07b5	0	441	4	79062.589973	5.033865	1516	FALSE	79066.915339	213	0.708499	7	2.363351	0.000000	134.632294	3.452110	134.632294	3.452110
curlcake_unmod.fast5	fb96cb89-1074-4a06-a114-5bee31b64348	0ac8beba0653c70e1d4b40b40a6c9884702d07b5	0	103	3	5031.482404	3.857238	1161	FALSE	5031.615206	1121	3.724436	73	4.992936	0.000000	78.708115	15.189285	78.708115	15.189285
curlcake_unmod.fast5	694ba8d5-0484-4680-b8a5-ffc0c140e764	0ac8beba0653c70e1d4b40b40a6c9884702d07b5	0	485	4	45037.554117	9.434263	2841	FALSE	45037.554117	2841	9.434263	160	3.408849	0.000000	83.955322	19.469902	83.955322	19.469902
curlcake_unmod.fast5	05458685-6d7f-4c84-8089-8a7bd1a4e947	0ac8beba0653c70e1d4b40b40a6c9884702d07b5	0	111	4	22664.567397	28.642098	8627	TRUE	22666.693227	7986	26.516268	1467	11.212728	0.000000	89.754868	13.946526	89.754868	13.946526
curlcake_unmod.fast5	5681e5d6-3b91-46e6-af71-75fecdcce81a	0ac8beba0653c70e1d4b40b40a6c9884702d07b5	0	418	1	6763.543493	5.515272	1661	FALSE	6763.543493	1661	5.515272	64	5.156020	0.000000	93.759315	13.532272	93.759315	13.532272
curlcake_unmod.fast5	e6ddeaf2-fc73-435a-95dc-1806a7a8ed59	0ac8beba0653c70e1d4b40b40a6c9884702d07b5	0	407	4	1022.464475	14.738380	4439	TRUE	1026.494688	3225	10.708167	562	12.380672	0.000000	90.583374	13.394188	90.583374	13.394188
curlcake_unmod.fast5	e8dfeb0b-4534-44b7-a98c-e7f4321a25ad	0ac8beba0653c70e1d4b40b40a6c9884702d07b5	0	148	4	322.913679	12.143758	3657	TRUE	323.046813	3617	12.010624	778	9.408241	0.000000	80.917465	12.151428	80.917465	12.151428
curlcake_unmod.fast5	57699cb1-c108-4109-81f7-e40fe65415cd	0ac8beba0653c70e1d4b40b40a6c9884702d07b5	0	96	3	10551.154382	21.442895	6458	TRUE	10551.287185	6418	21.310093	1542	10.263602	0.000000	87.959770	14.498863	87.959770	14.498863
curlcake_unmod.fast5	824f35d2-a516-4a34-a33f-29abae1cd5cb	0ac8beba0653c70e1d4b40b40a6c9884702d07b5	0	243	2	18511.567397	36.543161	11006	TRUE	18515.431939	9842	32.678619	1922	11.204928	0.000000	87.131264	12.841850	87.131264	12.841850
curlcake_unmod.fast5	21d70e10-e5f7-4817-8d8a-1bbb27279394	0ac8beba0653c70e1d4b40b40a6c9884702d07b5	0	389	3	16458.729084	40.099602	12078	TRUE	16458.729084	12078	40.099602	2273	10.957473	0.000000	90.031036	13.532272	90.031036	13.532272
curlcake_unmod.fast5	2445f402-6af9-43b4-8eb6-27973d4f5ff3	0ac8beba0653c70e1d4b40b40a6c9884702d07b5	0	361	2	13472.612218	3.828685	1153	FALSE	13476.272908	50	0.167995	2	5.602621	0.000000	131.318268	2.899773	131.318268	2.899773
curlcake_unmod.fast5	44a83df7-a430-477c-907e-cbd74b01f193	0ac8beba0653c70e1d4b40b40a6c9884702d07b5	0	17	2	20073.323705	5.832669	1756	FALSE	20073.323705	1756	5.832669	76	4.018381	0.000000	76.222595	10.080162	76.222595	10.080162
curlcake_unmod.fast5	60b6e7e4-3f66-4976-94b6-9398e364618f	0ac8beba0653c70e1d4b40b40a6c9884702d07b5	0	485	2	59279.778220	13.794489	4154	FALSE	59282.633134	3295	10.939575	476	4.871765	0.000000	64.347336	9.942078	64.347336	9.942078
curlcake_unmod.fast5	4ddd1e50-4487-410c-a415-1ad27b384ac5	0ac8beba0653c70e1d4b40b40a6c9884702d07b5	0	438	4	12483.044489	24.272908	7311	TRUE	12483.187915	7267	24.129482	1537	10.538495	0.000000	86.440842	14.084610	86.440842	14.084610
curlcake_unmod.fast5	4f064d9e-4f7f-404b-a6d1-9fe0ff11be18	0ac8beba0653c70e1d4b40b40a6c9884702d07b5	0	474	3	52157.656042	2.537185	764	FALSE	52159.968127	67	0.225100	2	3.032237	0.000000	111.986458	2.209351	111.986458	2.209351
curlcake_unmod.fast5	156bfe52-04ce-4e0a-8143-57960060480e	0ac8beba0653c70e1d4b40b40a6c9884702d07b5	0	456	2	12434.942231	30.392762	9154	TRUE	12437.630478	8344	27.704515	1853	12.064172	0.000000	90.997627	14.084610	90.997627	14.084610
curlcake_unmod.fast5	2000af32-705b-4780-b71e-dd10331d09dc	0ac8beba0653c70e1d4b40b40a6c9884702d07b5	0	225	1	17418.012948	36.813081	11088	TRUE	17420.422311	10362	34.403718	1796	10.558872	0.000000	86.717010	13.256104	86.717010	13.256104
curlcake_unmod.fast5	5af8610c-88b8-47ab-8307-e53786534f1f	0ac8beba0653c70e1d4b40b40a6c9884702d07b5	0	182	3	5532.464475	12.453851	3751	TRUE	5537.321049	2288	7.597278	326	11.778189	0.000000	92.240387	13.118019	92.240387	13.118019
curlcake_unmod.fast5	10a27bc0-7d7d-43da-8a2e-efb57842231d	0ac8beba0653c70e1d4b40b40a6c9884702d07b5	0	271	3	31591.921315	20.308765	6117	TRUE	31594.476760	5347	17.753320	1045	11.045567	0.000000	96.106750	13.532272	96.106750	13.532272
curlcake_unmod.fast5	6f530da1-cb8d-4d88-b796-2d94b0b7bc24	0ac8beba0653c70e1d4b40b40a6c9884702d07b5	0	4	1	7044.165007	8.493028	2558	TRUE	7044.297809	2518	8.360226	472	8.638164	0.000000	81.469803	12.151428	81.469803	12.151428
curlcake_unmod.fast5	31c6f9f6-b878-4f35-a9a1-29d820f95d20	0ac8beba0653c70e1d4b40b40a6c9884702d07b5	0	215	2	23507.017596	8.626494	2598	FALSE	23509.161687	1952	6.482404	69	3.601386	0.000000	76.084511	11.737175	76.084511	11.737175
curlcake_unmod.fast5	8dba92d9-cf01-4e6e-a5ca-1a5999662c69	0ac8beba0653c70e1d4b40b40a6c9884702d07b5	0	187	4	22690.101594	3.771912	1136	FALSE	22693.720120	46	0.153386	1	3.168514	0.000000	136.703568	2.209351	136.703568	2.209351
curlcake_unmod.fast5	f97dddac-2c9e-4480-b3be-6a4bce440497	0ac8beba0653c70e1d4b40b40a6c9884702d07b5	0	133	4	10875.157371	11.369854	3424	TRUE	10877.625166	2681	8.902058	440	10.135686	0.000000	102.182465	11.461006	102.182465	11.461006
curlcake_unmod.fast5	f9c064cf-149b-47d1-a4c5-d525a4fa5a49	0ac8beba0653c70e1d4b40b40a6c9884702d07b5	0	310	1	93025.662351	9.931275	2991	FALSE	93026.212815	2825	9.380810	246	3.170936	0.000000	94.311653	12.013344	94.311653	12.013344
curlcake_unmod.fast5	7b4f2c07-74ed-4399-9f72-252197bf3087	0ac8beba0653c70e1d4b40b40a6c9884702d07b5	0	389	1	30060.854250	11.497012	3462	TRUE	30062.043825	3104	10.307437	604	10.919540	0.000000	96.797173	12.013344	96.797173	12.013344
curlcake_unmod.fast5	9df43afe-712a-4d51-9493-a625e4bd75a0	0ac8beba0653c70e1d4b40b40a6c9884702d07b5	0	269	4	17502.194887	35.923971	10820	TRUE	17504.358234	10168	33.760624	2549	12.491198	0.000000	87.131264	12.565681	87.131264	12.565681
curlcake_unmod.fast5	401fa27d-0048-4d69-abc1-8b28dc52eca2	0ac8beba0653c70e1d4b40b40a6c9884702d07b5	0	335	1	25518.433599	23.809429	7171	TRUE	25518.566401	7131	23.676627	1606	10.589701	0.000000	85.059998	14.084610	85.059998	14.084610
curlcake_unmod.fast5	79440c76-beb3-41b8-a248-4a1bafc03418	0ac8beba0653c70e1d4b40b40a6c9884702d07b5	0	274	2	21293.408699	38.183931	11501	TRUE	21295.920651	10744	35.671979	2186	11.480310	0.000000	89.202530	13.118019	89.202530	13.118019
curlcake_unmod.fast5	f1902949-80c0-4c1b-af8b-07a07cb1a9f2	0ac8beba0653c70e1d4b40b40a6c9884702d07b5	0	339	3	3513.969124	40.300797	12138	TRUE	3516.682603	11321	37.587317	2430	10.744555	0.000000	91.411880	12.979935	91.411880	12.979935
curlcake_unmod.fast5	741a49de-d1c2-42f9-bf04-3855b5e5bb39	0ac8beba0653c70e1d4b40b40a6c9884702d07b5	0	475	2	13061.582005	6.080013	1831	FALSE	13061.582005	1831	6.080013	88	3.367189	0.000000	83.402985	12.565681	83.402985	12.565681
curlcake_unmod.fast5	afe6ab4b-c4d0-4e87-bcf1-0e2850810197	0ac8beba0653c70e1d4b40b40a6c9884702d07b5	0	322	1	11695.389442	8.855578	2667	TRUE	11699.540173	1417	4.704847	285	11.797449	0.000000	98.316101	12.013344	98.316101	12.013344
curlcake_unmod.fast5	0ae5efbd-9f6a-40a6-b42c-66dcb4777d26	0ac8beba0653c70e1d4b40b40a6c9884702d07b5	0	83	1	19587.524900	45.669987	13755	TRUE	19587.524900	13755	45.669987	1581	10.924024	0.000000	90.169121	13.670357	90.169121	13.670357
curlcake_unmod.fast5	8a5fd1d1-34e6-46c1-9f83-57199845597b	0ac8beba0653c70e1d4b40b40a6c9884702d07b5	0	255	4	11796.380478	14.312085	4310	TRUE	11798.012284	3819	12.680279	716	9.834702	0.000000	88.374023	12.703766	88.374023	12.703766
curlcake_unmod.fast5	256ea221-150f-47db-af10-28c7fabb0111	0ac8beba0653c70e1d4b40b40a6c9884702d07b5	0	395	4	11172.073041	42.526892	12809	TRUE	11174.419987	12102	40.179947	2705	11.655849	0.000000	89.064445	12.841850	89.064445	12.841850
curlcake_unmod.fast5	70ae113d-1286-40b7-80a8-eaf2112d8309	0ac8beba0653c70e1d4b40b40a6c9884702d07b5	0	375	4	27880.439243	18.143426	5464	FALSE	27882.019588	4988	16.563081	477	6.054642	0.000000	90.031036	12.841850	90.031036	12.841850
curlcake_unmod.fast5	ae6ad09c-c08d-41d5-a7aa-7e40270608bd	0ac8beba0653c70e1d4b40b40a6c9884702d07b5	0	471	3	10826.161355	29.265604	8814	TRUE	10829.265272	7879	26.161687	1662	11.029370	0.000000	89.616783	13.808441	89.616783	13.808441
curlcake_unmod.fast5	7b2ad869-011c-4190-a8db-9162d665c2ce	0ac8beba0653c70e1d4b40b40a6c9884702d07b5	0	200	4	16349.251328	5.667663	1707	FALSE	16349.972776	1489	4.946215	39	2.396521	0.000000	98.039932	2.761688	98.039932	2.761688
curlcake_unmod.fast5	85d322da-9ff3-4881-ae3d-cba62f3a749e	0ac8beba0653c70e1d4b40b40a6c9884702d07b5	0	194	2	11981.398738	6.970784	2099	TRUE	11983.311421	1523	5.058101	242	8.151341	0.000000	102.320549	10.494415	102.320549	10.494415
curlcake_unmod.fast5	70536f0f-15db-4c53-910c-21205ed3c1a4	0ac8beba0653c70e1d4b40b40a6c9884702d07b5	0	60	4	5973.411355	27.945551	8417	TRUE	5976.211487	7573	25.145418	1685	12.028857	0.000000	82.850647	12.841850	82.850647	12.841850
curlcake_unmod.fast5	10cb5d34-ded4-4553-95a5-54c33de2a6d8	0ac8beba0653c70e1d4b40b40a6c9884702d07b5	0	84	1	5923.923307	41.716799	12565	TRUE	5927.340969	11535	38.299137	1252	11.132196	0.000000	89.616783	14.084610	89.616783	14.084610
curlcake_unmod.fast5	1a8dbc13-d5de-4c3e-8578-9f0eeeb91c0d	0ac8beba0653c70e1d4b40b40a6c9884702d07b5	0	232	3	16018.733732	31.653718	9534	TRUE	16018.866534	9494	31.520916	1827	11.155726	0.000000	85.750420	13.670357	85.750420	13.670357
curlcake_unmod.fast5	470b6dd2-580d-4b6d-8d32-876edee4ccbd	0ac8beba0653c70e1d4b40b40a6c9884702d07b5	0	145	4	14086.116534	10.875830	3275	TRUE	14089.429615	2277	7.562749	496	11.531380	0.000000	83.955322	12.703766	83.955322	12.703766
curlcake_unmod.fast5	905ce0c4-54c8-435a-b5ca-dc40b2040ba1	0ac8beba0653c70e1d4b40b40a6c9884702d07b5	0	355	4	989.377490	33.599934	10120	TRUE	992.830677	9080	30.146746	2171	11.688563	0.000000	83.955322	12.565681	83.955322	12.565681
curlcake_unmod.fast5	b2e7f4cc-0f0c-44a1-bc76-868821e7a843	0ac8beba0653c70e1d4b40b40a6c9884702d07b5	0	225	1	22059.052789	16.184595	4874	TRUE	22059.332005	4790	15.905378	366	8.919195	0.000000	86.302757	13.808441	86.302757	13.808441
curlcake_unmod.fast5	b47726cb-7993-4c0b-a5a8-6476c85047ee	0ac8beba0653c70e1d4b40b40a6c9884702d07b5	0	278	3	3998.998672	16.308765	4912	TRUE	3998.998672	4912	16.308765	655	9.887542	0.000000	90.997627	14.775032	90.997627	14.775032
curlcake_unmod.fast5	a1ce48ac-ec6b-4685-97b9-77f34055ec20	0ac8beba0653c70e1d4b40b40a6c9884702d07b5	0	343	3	3013.100266	14.708499	4430	TRUE	3013.236056	4389	14.572709	652	7.195853	0.000000	89.754868	13.946526	89.754868	13.946526
curlcake_unmod.fast5	3bca698a-0480-40a0-a861-a269dead2c6b	0ac8beba0653c70e1d4b40b40a6c9884702d07b5	0	103	1	30482.014276	46.405710	13977	FALSE	30486.270584	12695	42.149402	1068	6.188506	0.000000	86.440842	12.565681	86.440842	12.565681
curlcake_unmod.fast5	2e67aeae-5994-4fe8-839e-f9998d0831b3	0ac8beba0653c70e1d4b40b40a6c9884702d07b5	0	288	4	8673.630146	31.733068	9558	TRUE	8677.981740	8247	27.381474	1917	11.791922	0.000000	85.336166	13.118019	85.336166	13.118019
curlcake_unmod.fast5	2e9eded2-2635-4e83-a012-a65b61a744c9	0ac8beba0653c70e1d4b40b40a6c9884702d07b5	0	26	4	15509.162683	15.671647	4720	TRUE	15513.838977	3311	10.995352	550	12.243642	0.000000	83.402985	13.118019	83.402985	13.118019
curlcake_unmod.fast5	25c4ae23-de50-4d0f-882b-30fb5be0dee6	0ac8beba0653c70e1d4b40b40a6c9884702d07b5	0	215	2	1649.598938	52.550465	15828	TRUE	1649.598938	15828	52.550465	2461	8.250510	0.000000	74.289413	11.046753	74.289413	11.046753
curlcake_unmod.fast5	ac362076-162c-4e13-9a56-0a88915dabe4	0ac8beba0653c70e1d4b40b40a6c9884702d07b5	0	280	4	8767.288181	13.033533	3925	FALSE	8767.288181	3925	13.033533	307	6.119852	0.000000	96.106750	14.636948	96.106750	14.636948
curlcake_unmod.fast5	cf8a72ed-e938-4bcb-b1c8-dfdbb33ef074	0ac8beba0653c70e1d4b40b40a6c9884702d07b5	0	83	1	1026.303121	11.121846	3349	TRUE	1028.965139	2548	8.459827	589	10.367199	0.000000	84.507660	13.670357	84.507660	13.670357
curlcake_unmod.fast5	d02761b7-1090-49f3-b7e0-d37c9639e502	0ac8beba0653c70e1d4b40b40a6c9884702d07b5	0	105	1	332.914011	7.605578	2290	TRUE	336.459163	1223	4.060425	193	10.380782	0.000000	86.164673	12.565681	86.164673	12.565681
curlcake_unmod.fast5	9f54caac-21f8-4b36-b369-310c0f25499e	0ac8beba0653c70e1d4b40b40a6c9884702d07b5	0	38	4	16169.924635	14.626494	4405	TRUE	16172.387118	3663	12.164011	519	11.783275	0.000000	90.583374	11.737175	90.583374	11.737175
curlcake_unmod.fast5	7ac43e1f-6737-4d46-9002-08d6d0b78b80	0ac8beba0653c70e1d4b40b40a6c9884702d07b5	0	409	1	75059.140106	34.488048	10387	FALSE	75063.239044	9153	30.389110	1724	6.261566	0.000000	94.863991	13.808441	94.863991	13.808441
curlcake_unmod.fast5	e3cf94db-16dc-4c9c-9d1f-f800cf316882	0ac8beba0653c70e1d4b40b40a6c9884702d07b5	0	469	4	90838.983732	7.585657	2284	TRUE	90843.129150	1036	3.440239	186	10.595126	0.000000	97.211426	14.222694	97.211426	14.222694
curlcake_unmod.fast5	4530a2c7-88aa-4d5d-9cf9-8e6e5fae1abc	0ac8beba0653c70e1d4b40b40a6c9884702d07b5	0	81	3	13166.880478	43.798805	13192	FALSE	13171.114542	11916	39.564741	2372	6.605818	0.000000	88.650192	12.841850	88.650192	12.841850
curlcake_unmod.fast5	f752ccba-1f5c-46ae-aab4-e3c59a8411fb	0ac8beba0653c70e1d4b40b40a6c9884702d07b5	0	141	3	3931.805777	13.895418	4185	TRUE	3934.083665	3499	11.617530	953	10.282450	0.000000	86.993179	13.670357	86.993179	13.670357
curlcake_unmod.fast5	ace193db-0672-43e6-85b6-9f23768e7184	0a339be9845c72fb2aeeb98790e406349e3e4568	0	494	2	26.025564	7.395418	2227	FALSE	28.470784	1491	4.950199	225	6.035807	0.000000	98.711868	7.731279	98.711868	7.731279
curlcake_unmod.fast5	f2d46ee0-e0be-44a7-844c-9608ca11c542	0ac8beba0653c70e1d4b40b40a6c9884702d07b5	0	251	2	6153.258632	25.349602	7635	TRUE	6153.258632	7635	25.349602	1502	9.403317	0.000000	87.683601	13.670357	87.683601	13.670357
curlcake_unmod.fast5	fa5c72c4-227e-411b-992c-5c7bd71087c3	0ac8beba0653c70e1d4b40b40a6c9884702d07b5	0	254	1	5951.367530	12.041169	3626	TRUE	5955.847942	2277	7.560757	300	12.004807	0.000000	87.821686	15.327370	87.821686	15.327370
curlcake_unmod.fast5	9bb0e463-11a4-496c-8b93-e6885b1253e1	0ac8beba0653c70e1d4b40b40a6c9884702d07b5	0	436	2	3709.929947	43.364874	13061	TRUE	3709.929947	13061	43.364874	1868	10.134738	0.000000	92.930809	13.946526	92.930809	13.946526
curlcake_unmod.fast5	9a522809-9db1-4986-a017-758e60c5ef07	0ac8beba0653c70e1d4b40b40a6c9884702d07b5	0	367	2	53923.405046	19.581341	5897	FALSE	53924.969456	5426	18.016932	274	2.819693	0.000000	83.541069	10.494415	83.541069	10.494415
curlcake_unmod.fast5	9fca52e2-b829-4c5a-9ad2-d7cd2a34e840	0ac8beba0653c70e1d4b40b40a6c9884702d07b5	0	104	3	38879.270252	7.465471	2248	FALSE	38879.496680	2180	7.239044	179	3.417769	0.000000	95.554413	12.289513	95.554413	12.289513
curlcake_unmod.fast5	ce3fc3e1-f306-4494-8b18-aaf77f66b036	0ac8beba0653c70e1d4b40b40a6c9884702d07b5	0	400	1	11824.187251	7.188247	2165	FALSE	11827.563745	1148	3.811753	34	3.430263	0.000000	102.458633	6.766136	102.458633	6.766136
curlcake_unmod.fast5	b434efb0-7684-42ff-a14e-caaeb9ce02c1	0ac8beba0653c70e1d4b40b40a6c9884702d07b5	0	40	4	45009.443559	30.319057	9132	TRUE	45012.046481	8348	27.716135	985	8.485372	0.000000	91.826134	14.222694	91.826134	14.222694
curlcake_unmod.fast5	6cc14efd-4219-44fe-b1ba-c081488bab85	0ac8beba0653c70e1d4b40b40a6c9884702d07b5	0	166	4	17061.730744	35.812749	10786	TRUE	17061.730744	10786	35.812749	1617	9.130588	0.000000	86.855095	14.498863	86.855095	14.498863
curlcake_unmod.fast5	d7fd5fe2-01b7-44c4-a731-431e6ea75276	0ac8beba0653c70e1d4b40b40a6c9884702d07b5	0	143	3	13940.247012	23.701859	7139	TRUE	13940.247012	7139	23.701859	1088	8.760085	0.000000	99.144608	11.322922	99.144608	11.322922
curlcake_unmod.fast5	b3b519e6-2b66-4468-bb6a-553a017d9760	0ac8beba0653c70e1d4b40b40a6c9884702d07b5	0	137	3	22509.886786	22.035193	6637	TRUE	22513.495684	5550	18.426295	990	10.153020	0.000000	95.278244	13.118019	95.278244	13.118019
curlcake_unmod.fast5	534b1645-089c-4e44-9ae5-47f0e2da3d19	0ac8beba0653c70e1d4b40b40a6c9884702d07b5	0	17	2	2491.511952	11.339641	3415	TRUE	2491.511952	3415	11.339641	370	7.811297	0.000000	77.327271	9.803993	77.327271	9.803993
curlcake_unmod.fast5	a0e8bcab-69df-4ff3-9cdd-9943b11ea7b7	0ac8beba0653c70e1d4b40b40a6c9884702d07b5	0	324	2	2275.884794	9.239376	2782	TRUE	2276.017596	2742	9.106574	270	9.581731	0.000000	82.712563	15.051201	82.712563	15.051201
curlcake_unmod.fast5	a97fdb97-5ec7-434a-9ad5-8685445a5db2	0ac8beba0653c70e1d4b40b40a6c9884702d07b5	0	348	3	25409.413347	6.665339	2007	FALSE	25411.248672	1454	4.830013	211	6.017453	0.000000	112.676880	7.318474	112.676880	7.318474
curlcake_unmod.fast5	6f3b8659-e7fe-48b4-b567-a8cd51073e05	0ac8beba0653c70e1d4b40b40a6c9884702d07b5	0	27	4	61523.922975	17.250332	5195	TRUE	61526.243692	4496	14.929615	799	11.831509	0.000000	97.901848	12.979935	97.901848	12.979935
curlcake_unmod.fast5	7e083045-1b93-4b87-bbd7-0f283ef99811	0ac8beba0653c70e1d4b40b40a6c9884702d07b5	0	52	2	61351.612218	2.572045	774	FALSE	61351.612218	774	2.572045	64	2.737198	0.000000	91.688049	11.184837	91.688049	11.184837
curlcake_unmod.fast5	ac04814a-2d9e-488e-9373-2513fcd8ae72	0ac8beba0653c70e1d4b40b40a6c9884702d07b5	0	325	2	559.081673	20.123174	6061	TRUE	559.521912	5928	19.682935	643	9.082872	0.000000	86.855095	14.498863	86.855095	14.498863
curlcake_unmod.fast5	aa97d21d-9554-4496-87d5-c77570edefa7	0ac8beba0653c70e1d4b40b40a6c9884702d07b5	0	469	4	91063.083333	2.219788	668	FALSE	91063.403386	572	1.899734	36	3.637233	0.000000	89.202530	24.855194	89.202530	24.855194
curlcake_unmod.fast5	3432899c-cc9b-4eb0-b6aa-382c85959088	0ac8beba0653c70e1d4b40b40a6c9884702d07b5	0	463	1	29483.973772	39.480412	11891	TRUE	29487.042829	10967	36.411355	2407	11.574446	0.000000	91.688049	13.946526	91.688049	13.946526
curlcake_unmod.fast5	66756b89-5b8c-4e39-b315-385ff16e4e9e	0ac8beba0653c70e1d4b40b40a6c9884702d07b5	0	441	2	36918.265936	5.132802	1546	FALSE	36918.265936	1546	5.132802	49	4.570185	0.000000	79.122368	23.060097	79.122368	23.060097
curlcake_unmod.fast5	306d8d52-9e93-4646-b1fc-65eb3996b303	0ac8beba0653c70e1d4b40b40a6c9884702d07b5	0	478	4	9316.742696	22.822377	6874	TRUE	9320.723772	5675	18.841301	753	9.741247	0.000000	91.688049	13.670357	91.688049	13.670357
curlcake_unmod.fast5	39aff3e7-331e-48e4-a500-b6d58c058cac	0ac8beba0653c70e1d4b40b40a6c9884702d07b5	0	200	4	4028.246016	7.289841	2195	TRUE	4031.307105	1273	4.228752	249	9.048071	0.000000	96.935257	9.665909	96.935257	9.665909
curlcake_unmod.fast5	d1a261a3-165c-4431-b7ca-397ec3a46703	0ac8beba0653c70e1d4b40b40a6c9884702d07b5	0	256	4	976.910691	24.048473	7243	TRUE	977.043493	7203	23.915671	1423	10.040673	0.000000	83.402985	13.808441	83.402985	13.808441
curlcake_unmod.fast5	d5d7a945-241e-4a7b-aea7-d5b5a2500c65	0ac8beba0653c70e1d4b40b40a6c9884702d07b5	0	333	1	2714.143426	10.238380	3083	TRUE	2715.525564	2667	8.856242	503	8.823503	0.000000	94.173569	10.494415	94.173569	10.494415
curlcake_unmod.fast5	8e6c3531-acd3-4efe-a304-705949db6583	0ac8beba0653c70e1d4b40b40a6c9884702d07b5	0	106	4	101828.119190	32.250332	9713	TRUE	101830.065405	9127	30.304117	1504	8.865633	0.000000	101.906296	14.636948	101.906296	14.636948
curlcake_unmod.fast5	b7dbbfd2-7567-4e03-9654-5c4432cef506	0ac8beba0653c70e1d4b40b40a6c9884702d07b5	0	211	1	20709.198871	7.956175	2396	FALSE	20711.739708	1631	5.415339	211	6.523584	0.000000	106.877335	9.527824	106.877335	9.527824
curlcake_unmod.fast5	7fd244b8-2a32-4cd2-b30e-d5a02f133291	0ac8beba0653c70e1d4b40b40a6c9884702d07b5	0	263	1	11171.273240	20.582005	6199	TRUE	11173.985392	5382	17.869854	1094	12.433384	0.000000	89.340614	13.394188	89.340614	13.394188
curlcake_unmod.fast5	6e0a151f-c991-4a5f-a2e5-3cd06f1bf4d3	0ac8beba0653c70e1d4b40b40a6c9884702d07b5	0	160	4	39306.189575	29.267928	8815	TRUE	39309.202191	7908	26.255312	1326	11.603390	0.000000	92.378471	14.498863	92.378471	14.498863
curlcake_unmod.fast5	8e971596-88ff-4f44-8818-ffa3796e94e3	0ac8beba0653c70e1d4b40b40a6c9884702d07b5	0	497	3	2977.731076	16.865538	5079	TRUE	2981.634130	3904	12.962483	757	12.068297	0.000000	84.921913	12.565681	84.921913	12.565681
curlcake_unmod.fast5	58186644-adcf-4bf5-bcce-95f8c46477f6	0ac8beba0653c70e1d4b40b40a6c9884702d07b5	0	84	1	9651.096614	28.142762	8476	TRUE	9653.383466	7787	25.855910	1579	8.796483	0.000000	89.064445	14.084610	89.064445	14.084610
curlcake_unmod.fast5	ef5c067a-c6f4-4c99-85d2-545b781f9569	0ac8beba0653c70e1d4b40b40a6c9884702d07b5	0	15	3	31006.799801	40.949203	12333	TRUE	31009.555445	11503	38.193559	2400	11.230144	0.000000	87.683601	12.841850	87.683601	12.841850
curlcake_unmod.fast5	58bd25dc-5e46-4733-8488-9bab7893c617	0ac8beba0653c70e1d4b40b40a6c9884702d07b5	0	394	4	8129.228420	10.219456	3078	TRUE	8131.968459	2252	7.479416	467	7.363906	0.000000	94.035484	12.427597	94.035484	12.427597
curlcake_unmod.fast5	7d277d01-42ef-4fcc-b0b0-cb92199f4436	0ac8beba0653c70e1d4b40b40a6c9884702d07b5	0	231	4	19119.118858	35.586321	10718	TRUE	19121.519256	9995	33.185923	2011	10.764740	0.000000	91.273796	13.670357	91.273796	13.670357
curlcake_unmod.fast5	7098d8a2-e772-452c-bfa9-fe0ef9dd438a	0ac8beba0653c70e1d4b40b40a6c9884702d07b5	0	493	4	50799.827357	38.077357	11468	TRUE	50802.231408	10744	35.673307	2401	10.605000	0.000000	97.073341	14.775032	97.073341	14.775032
curlcake_unmod.fast5	b5b24580-c831-461b-af70-586e23fa6cb0	0ac8beba0653c70e1d4b40b40a6c9884702d07b5	0	491	3	39807.856242	49.246348	14833	TRUE	39812.275564	13501	44.827025	2457	7.795680	0.000000	87.269348	13.394188	87.269348	13.394188
curlcake_unmod.fast5	5dca5b9f-f408-49a9-b1d4-9b48fc74e474	0ac8beba0653c70e1d4b40b40a6c9884702d07b5	0	184	2	3860.146746	12.182271	3669	TRUE	3864.492032	2360	7.836985	457	10.475685	0.000000	96.659088	11.599091	96.659088	11.599091
curlcake_unmod.fast5	61e62c36-b9ae-4c16-bdcb-d52c1e7b6624	0ac8beba0653c70e1d4b40b40a6c9884702d07b5	0	56	4	24834.754648	3.865538	1164	FALSE	24836.498672	639	2.121514	3	2.613940	0.000000	97.073341	2.209351	97.073341	2.209351
curlcake_unmod.fast5	bddab793-d31e-4200-91b5-c9b150985fc1	0ac8beba0653c70e1d4b40b40a6c9884702d07b5	0	244	4	6868.112882	10.975100	3305	TRUE	6871.674635	2232	7.413347	343	7.632115	0.000000	96.382919	8.561234	96.382919	8.561234
curlcake_unmod.fast5	be143981-6fdb-45e4-8309-033af5c34cfb	0ac8beba0653c70e1d4b40b40a6c9884702d07b5	0	294	4	24306.568061	3.335325	1004	FALSE	24306.700863	964	3.202523	11	3.071432	0.000000	113.643471	3.314026	113.643471	3.314026
curlcake_unmod.fast5	6231c891-d5ae-4c5e-b94b-5ae8230c2937	0ac8beba0653c70e1d4b40b40a6c9884702d07b5	0	282	3	26094.720120	11.459495	3451	TRUE	26097.647410	2569	8.532205	543	10.759833	0.000000	92.378471	12.565681	92.378471	12.565681
curlcake_unmod.fast5	b9f23c40-7c73-40db-a239-4f150bcbfe9f	0ac8beba0653c70e1d4b40b40a6c9884702d07b5	0	330	4	10402.000664	20.780212	6259	TRUE	10404.772576	5424	18.008300	1237	11.958404	0.000000	89.754868	13.946526	89.754868	13.946526
curlcake_unmod.fast5	80c9dd05-f12f-41af-85a6-d2b457a418f6	0ac8beba0653c70e1d4b40b40a6c9884702d07b5	0	131	3	15160.195883	37.750332	11370	TRUE	15163.810757	10281	34.135458	1152	9.592202	0.000000	91.688049	12.565681	91.688049	12.565681
curlcake_unmod.fast5	bf02a038-23d1-47f7-b39a-fc9876737675	0ac8beba0653c70e1d4b40b40a6c9884702d07b5	0	240	1	10798.027888	11.147742	3357	TRUE	10798.027888	3357	11.147742	304	7.889042	0.000000	102.734802	12.841850	102.734802	12.841850
curlcake_unmod.fast5	da7254b7-b81a-40df-b875-4562942db991	0ac8beba0653c70e1d4b40b40a6c9884702d07b5	0	160	4	29519.219124	11.381474	3428	TRUE	29521.015272	2887	9.585325	591	11.290154	0.000000	89.202530	13.532272	89.202530	13.532272
curlcake_unmod.fast5	dccac722-4696-4d84-ad33-e85015da1b86	0ac8beba0653c70e1d4b40b40a6c9884702d07b5	0	198	1	25356.535193	7.992032	2407	FALSE	25356.535193	2407	7.992032	58	3.708291	0.000000	102.458633	11.046753	102.458633	11.046753
curlcake_unmod.fast5	6bd01a95-efb2-493f-b74f-e319c624aeee	0ac8beba0653c70e1d4b40b40a6c9884702d07b5	0	128	2	5076.677623	18.434595	5552	TRUE	5079.289177	4765	15.823041	684	10.362107	0.000000	90.583374	14.498863	90.583374	14.498863
curlcake_unmod.fast5	a51d3731-813d-4544-890b-0cea039fcf5d	0ac8beba0653c70e1d4b40b40a6c9884702d07b5	0	388	1	15860.482072	25.495352	7679	TRUE	15860.615206	7639	25.362218	1578	11.021280	0.000000	93.345062	14.636948	93.345062	14.636948
curlcake_unmod.fast5	a53af576-a4bd-4b86-82e9-8768f9f4296f	0ac8beba0653c70e1d4b40b40a6c9884702d07b5	0	237	1	63779.896082	2.515604	757	FALSE	63779.896082	757	2.515604	63	3.523089	0.000000	100.249283	15.189285	100.249283	15.189285
curlcake_unmod.fast5	a6d14208-4142-4925-8f65-5cb5d0dd1808	0ac8beba0653c70e1d4b40b40a6c9884702d07b5	0	373	2	75.468792	18.032537	5431	TRUE	79.242364	4294	14.258964	1046	12.038343	0.000000	85.612335	13.532272	85.612335	13.532272
curlcake_unmod.fast5	99569b2b-09cd-42cc-ad23-eeaf2657a783	0ac8beba0653c70e1d4b40b40a6c9884702d07b5	0	167	1	9289.154714	27.240040	8204	TRUE	9291.274900	7566	25.119854	1882	11.100484	0.000000	85.336166	13.256104	85.336166	13.256104
curlcake_unmod.fast5	bfeccabf-bb00-446d-839e-5627b36b7d7f	0ac8beba0653c70e1d4b40b40a6c9884702d07b5	0	439	1	3954.843958	37.942563	11428	TRUE	3954.976760	11388	37.809761	2782	11.706342	0.000000	85.888504	12.841850	85.888504	12.841850
curlcake_unmod.fast5	c1770dd4-4a6d-4f3c-8ebf-fba88f5acc77	0ac8beba0653c70e1d4b40b40a6c9884702d07b5	0	326	1	24997.666003	31.904714	9609	TRUE	25000.309761	8813	29.260956	1939	10.494997	0.000000	78.846199	11.184837	78.846199	11.184837
curlcake_unmod.fast5	c2342a48-28d9-4c34-9c1e-24912b77265e	0ac8beba0653c70e1d4b40b40a6c9884702d07b5	0	182	3	14052.247344	45.241368	13626	TRUE	14052.406707	13578	45.082005	2053	10.413201	0.000000	85.059998	12.565681	85.059998	12.565681
curlcake_unmod.fast5	c7553f7d-df0d-466a-ba25-d0e99fe0c457	0ac8beba0653c70e1d4b40b40a6c9884702d07b5	0	49	2	21821.569057	11.723440	3531	TRUE	21821.722776	3484	11.569721	474	10.300335	0.000000	83.541069	13.532272	83.541069	13.532272
curlcake_unmod.fast5	c7b6e2a3-1e7f-40a0-b25b-ff3fbce3b6a7	0ac8beba0653c70e1d4b40b40a6c9884702d07b5	0	160	1	9355.750996	29.061089	8753	TRUE	9359.154714	7728	25.657371	1727	10.945708	0.000000	85.474251	13.946526	85.474251	13.946526
