filename	read_id	run_id	batch_id	channel	mux	start_time	duration	num_events	passes_filtering	template_start	num_events_template	template_duration	sequence_length_template	mean_qscore_template	strand_score_template	median_template	mad_template	scaling_median_template	scaling_mad_template
curlcake_m6A.fast5	0210e34e-6b52-4c58-83d3-c926048f6de4	342601433403d7a69ee8c95d381d43dfb2fd98d1	0	446	3	17222.378154	14.645750	4411	FALSE	17223.311089	4130	13.712815	694	5.322188	0.000000	59.201679	9.671561	59.201679	9.671561
curlcake_m6A.fast5	104992c9-71c4-4367-9b4e-3197f8ec102f	342601433403d7a69ee8c95d381d43dfb2fd98d1	0	324	4	3997.793493	6.510956	1961	FALSE	4002.566733	523	1.737716	3	2.905992	0.000000	107.852562	2.930776	107.852562	2.930776
curlcake_m6A.fast5	08e866f6-ac80-44d6-8b5d-0af69b3a2221	342601433403d7a69ee8c95d381d43dfb2fd98d1	0	231	3	7596.091965	17.307437	5213	FALSE	7598.502988	4486	14.896414	714	6.319045	0.000000	88.802521	12.602338	88.802521	12.602338
curlcake_m6A.fast5	0388761d-c56f-4330-9bc6-965354adbaa7	342601433403d7a69ee8c95d381d43dfb2fd98d1	0	504	2	25280.535193	17.496680	5270	TRUE	25280.776892	5197	17.254980	1019	7.136566	0.000000	91.440216	12.748877	91.440216	12.748877
curlcake_m6A.fast5	0397296a-ea50-4d61-a10c-c4cd76adc369	342601433403d7a69ee8c95d381d43dfb2fd98d1	0	300	4	3860.498008	21.403386	6446	FALSE	3865.295485	5001	16.605910	634	6.722005	0.000000	91.000603	14.067726	91.000603	14.067726
curlcake_m6A.fast5	0d7499d6-025a-456e-98e2-c503e4b81c5c	342601433403d7a69ee8c95d381d43dfb2fd98d1	0	408	4	10461.606574	26.945219	8115	TRUE	10465.058765	7076	23.493028	1171	7.199576	0.000000	90.707520	12.602338	90.707520	12.602338
curlcake_m6A.fast5	2a8a789b-d5e4-47ed-a72e-b97f2a7ecd69	342601433403d7a69ee8c95d381d43dfb2fd98d1	0	502	3	765.404050	8.641102	2602	FALSE	768.155710	1773	5.889442	314	6.763132	0.000000	91.000603	13.921186	91.000603	13.921186
curlcake_m6A.fast5	1423f4b4-9686-4bcd-9505-6d4e61c61ad2	342601433403d7a69ee8c95d381d43dfb2fd98d1	0	107	3	2225.328353	27.467131	8273	TRUE	2228.342629	7365	24.452855	1023	7.463126	0.000000	93.345222	15.386575	93.345222	15.386575
curlcake_m6A.fast5	0fb7f654-a774-438b-959c-bebbab58028f	342601433403d7a69ee8c95d381d43dfb2fd98d1	0	20	3	1599.638778	23.573705	7100	TRUE	1600.197211	6932	23.015272	1358	7.456301	0.000000	96.569077	14.214265	96.569077	14.214265
curlcake_m6A.fast5	0f600861-6c75-49e8-b24e-a56689f561a0	342601433403d7a69ee8c95d381d43dfb2fd98d1	0	82	2	24458.050465	24.709163	7442	FALSE	24461.851262	6297	20.908367	957	6.101825	0.000000	96.276001	13.481570	96.276001	13.481570
curlcake_m6A.fast5	480f9753-09cc-4c44-9933-4061fe4e5a26	342601433403d7a69ee8c95d381d43dfb2fd98d1	0	223	4	11027.289841	7.718459	2324	TRUE	11031.375830	1094	3.632470	201	7.160007	0.000000	101.258316	13.041954	101.258316	13.041954
curlcake_m6A.fast5	084d28f8-eb29-4dd0-ac52-53a05a6afd3a	342601433403d7a69ee8c95d381d43dfb2fd98d1	0	183	1	28577.700863	36.819057	11089	TRUE	28577.876826	11036	36.643094	2106	7.375853	0.000000	91.586754	14.800420	91.586754	14.800420
curlcake_m6A.fast5	90bab6c2-1f05-4550-9e89-5bf751a10262	342601433403d7a69ee8c95d381d43dfb2fd98d1	0	347	2	21961.477092	20.483068	6169	FALSE	21963.867530	5449	18.092629	849	6.467413	0.000000	98.913696	15.386575	98.913696	15.386575
curlcake_m6A.fast5	a6a96348-1f14-49f0-8093-eb33fd867866	342601433403d7a69ee8c95d381d43dfb2fd98d1	0	310	2	30111.168991	14.213479	4281	FALSE	30111.319721	4235	14.062749	358	5.209240	0.000000	101.551392	14.214265	101.551392	14.214265
curlcake_m6A.fast5	a8038ddd-627d-4e66-afbf-52b6a4a9c2a8	342601433403d7a69ee8c95d381d43dfb2fd98d1	0	511	4	51899.595950	20.150398	6069	FALSE	51900.500000	5797	19.246348	806	5.121856	0.000000	93.638298	13.481570	93.638298	13.481570
curlcake_m6A.fast5	12e11baa-aa06-413e-b37c-84089d75eb37	342601433403d7a69ee8c95d381d43dfb2fd98d1	0	402	2	17657.200531	42.752988	12877	TRUE	17657.333665	12837	42.619854	2164	7.100061	0.000000	90.267906	12.895415	90.267906	12.895415
curlcake_m6A.fast5	beaf690d-f359-49f6-bdac-b14d74b0f0c5	342601433403d7a69ee8c95d381d43dfb2fd98d1	0	447	1	14727.590969	6.928287	2086	FALSE	14729.422975	1535	5.096282	266	6.086186	0.000000	101.111778	12.162721	101.111778	12.162721
curlcake_m6A.fast5	58f22ff4-d30f-42fd-9ee3-98a109c3fc2a	342601433403d7a69ee8c95d381d43dfb2fd98d1	0	202	2	3185.623838	15.398406	4638	FALSE	3187.986388	3926	13.035857	654	6.789031	0.000000	94.957146	14.507342	94.957146	14.507342
curlcake_m6A.fast5	a06ff77f-29a3-4a88-89be-8f610a12360f	342601433403d7a69ee8c95d381d43dfb2fd98d1	0	306	1	59.893758	34.269920	10322	FALSE	63.853918	9129	30.309761	1118	5.782054	0.000000	94.957146	14.067726	94.957146	14.067726
curlcake_m6A.fast5	a1b7a55f-a427-4792-b5ef-354694ba8ada	342601433403d7a69ee8c95d381d43dfb2fd98d1	0	230	2	2818.785193	10.946547	3297	FALSE	2821.600266	2449	8.131474	487	6.648755	0.000000	89.681747	14.507342	89.681747	14.507342
curlcake_m6A.fast5	17aaaace-6024-4f60-b064-bf78552c7ce7	342601433403d7a69ee8c95d381d43dfb2fd98d1	0	87	3	11452.046149	18.335325	5522	FALSE	11455.756972	4404	14.624502	718	6.936918	0.000000	91.586754	14.360804	91.586754	14.360804
curlcake_m6A.fast5	649618c7-007a-4163-a971-fd75e109e326	342601433403d7a69ee8c95d381d43dfb2fd98d1	0	483	1	56403.736720	2.283201	687	FALSE	56405.887118	40	0.132802	1	2.984878	0.000000	117.670662	2.344621	117.670662	2.344621
curlcake_m6A.fast5	bc86e050-a7d5-4d00-a3b0-d2fc9c77a2e1	342601433403d7a69ee8c95d381d43dfb2fd98d1	0	153	3	50331.263612	14.129482	4255	FALSE	50335.923639	2852	9.469456	356	6.884243	0.000000	97.887924	14.214265	97.887924	14.214265
curlcake_m6A.fast5	150c2edf-2118-41d2-a41b-9aadd340aad7	342601433403d7a69ee8c95d381d43dfb2fd98d1	0	144	2	11367.010292	16.628154	5008	FALSE	11369.463811	4269	14.174635	705	6.987111	0.000000	89.388672	13.774648	89.388672	13.774648
curlcake_m6A.fast5	62861f81-6c64-4671-ba96-62b6f6fa5243	342601433403d7a69ee8c95d381d43dfb2fd98d1	0	232	4	7435.828021	12.792829	3853	TRUE	7439.089641	2870	9.531208	671	7.208783	0.000000	91.733292	12.602338	91.733292	12.602338
curlcake_m6A.fast5	6c20eb37-2539-4da9-8e44-a3b7dee51c64	342601433403d7a69ee8c95d381d43dfb2fd98d1	0	436	3	6444.679947	12.216799	3679	TRUE	6447.237052	2909	9.659695	481	7.763304	0.000000	90.854065	15.240036	90.854065	15.240036
curlcake_m6A.fast5	c497bc2b-e3cf-48c7-8655-1684606a2fac	342601433403d7a69ee8c95d381d43dfb2fd98d1	0	40	2	11803.997676	12.620186	3801	FALSE	11806.477756	3054	10.140106	391	6.786410	0.000000	98.767159	14.800420	98.767159	14.800420
curlcake_m6A.fast5	bfba13b3-4ed2-4a8c-b07b-b394cfe235b7	342601433403d7a69ee8c95d381d43dfb2fd98d1	0	44	4	3245.990704	24.741036	7452	FALSE	3246.123506	7412	24.608234	405	5.390167	0.000000	96.129456	14.507342	96.129456	14.507342
curlcake_m6A.fast5	58a07ac3-b624-4921-b29a-db17f38fe4d3	342601433403d7a69ee8c95d381d43dfb2fd98d1	0	345	1	1500.243692	12.865538	3875	TRUE	1502.527888	3187	10.581341	573	7.656534	0.000000	95.103683	14.214265	95.103683	14.214265
curlcake_m6A.fast5	4f22d6a6-1581-46b9-bdea-ac9aedb8ba11	342601433403d7a69ee8c95d381d43dfb2fd98d1	0	171	3	7604.727424	10.017596	3017	TRUE	7609.614210	1545	5.130810	175	7.706800	0.000000	91.293678	14.360804	91.293678	14.360804
curlcake_m6A.fast5	2696818f-1852-4781-8f88-eded102ecf00	342601433403d7a69ee8c95d381d43dfb2fd98d1	0	461	4	34166.797477	19.308101	5815	TRUE	34169.278884	5068	16.826693	665	7.075301	0.000000	94.957146	14.800420	94.957146	14.800420
curlcake_m6A.fast5	77355dde-db35-4762-911c-641cd399abd8	342601433403d7a69ee8c95d381d43dfb2fd98d1	0	18	2	29637.954183	19.689907	5930	FALSE	29637.954183	5930	19.689907	702	6.596091	0.000000	99.353310	14.800420	99.353310	14.800420
curlcake_m6A.fast5	c90d8f28-cca3-4689-980b-38be2998490d	342601433403d7a69ee8c95d381d43dfb2fd98d1	0	395	1	2015.760292	13.254648	3992	FALSE	2015.760292	3992	13.254648	257	5.312935	0.000000	92.465988	13.481570	92.465988	13.481570
curlcake_m6A.fast5	14ea7333-546e-4fb4-905e-16f7ead44cdd	342601433403d7a69ee8c95d381d43dfb2fd98d1	0	231	4	34686.380146	12.600598	3795	FALSE	34688.481076	3162	10.499668	283	6.453651	0.000000	80.742882	7.033863	80.742882	7.033863
curlcake_m6A.fast5	25cb6f28-0bee-462c-898d-43fd7b5a19b9	342601433403d7a69ee8c95d381d43dfb2fd98d1	0	235	2	52343.086653	25.176627	7583	TRUE	52346.642430	6512	21.620850	1184	7.167990	0.000000	93.052147	14.214265	93.052147	14.214265
curlcake_m6A.fast5	6cd54a4d-9ea6-4113-901c-fe363b49e181	342601433403d7a69ee8c95d381d43dfb2fd98d1	0	108	2	25767.822709	20.670319	6225	FALSE	25771.821713	5021	16.671315	620	6.999388	0.000000	92.612526	14.067726	92.612526	14.067726
curlcake_m6A.fast5	6e45eb43-e5d3-4f6e-9547-e17ade519514	342601433403d7a69ee8c95d381d43dfb2fd98d1	0	178	3	36546.682935	35.868526	10803	TRUE	36546.682935	10803	35.868526	1189	7.065104	0.000000	90.414444	13.774648	90.414444	13.774648
curlcake_m6A.fast5	79ec225a-0f79-4347-9944-6d3419fe6f2e	342601433403d7a69ee8c95d381d43dfb2fd98d1	0	155	4	16550.706839	18.838313	5674	FALSE	16555.252988	4304	14.292165	548	6.055635	0.000000	91.293678	11.283488	91.293678	11.283488
curlcake_m6A.fast5	1c259900-6373-4cc4-b1ca-72821fd1a940	342601433403d7a69ee8c95d381d43dfb2fd98d1	0	40	2	20224.917995	33.381806	10054	TRUE	20229.793161	8586	28.506640	1115	7.955926	0.000000	90.121368	12.602338	90.121368	12.602338
curlcake_m6A.fast5	201277f7-16ee-4c65-b40a-d9a90fa49022	342601433403d7a69ee8c95d381d43dfb2fd98d1	0	276	3	27917.042829	10.738712	3234	TRUE	27917.175631	3194	10.605910	597	7.079422	0.000000	93.784836	13.921186	93.784836	13.921186
curlcake_m6A.fast5	237cf466-d4fc-4ef2-a968-89f714c664b4	342601433403d7a69ee8c95d381d43dfb2fd98d1	0	235	1	9677.986720	10.256972	3089	TRUE	9679.666335	2583	8.577357	561	7.579433	0.000000	86.311356	13.481570	86.311356	13.481570
curlcake_m6A.fast5	5e3f6e17-9f13-4d2a-9db6-16bd941fdd27	342601433403d7a69ee8c95d381d43dfb2fd98d1	0	235	1	5887.268924	10.415671	3137	FALSE	5891.370186	1901	6.314409	242	6.745787	0.000000	85.871742	14.067726	85.871742	14.067726
curlcake_m6A.fast5	6451db52-6451-4671-a04f-fd46d7b980bd	342601433403d7a69ee8c95d381d43dfb2fd98d1	0	31	2	2806.777224	29.647742	8929	TRUE	2808.395418	8442	28.029548	1362	7.457440	0.000000	89.828293	12.895415	89.828293	12.895415
curlcake_m6A.fast5	71689779-8144-46c6-83d7-c806d744dd4d	342601433403d7a69ee8c95d381d43dfb2fd98d1	0	124	2	3913.104914	18.176959	5474	TRUE	3914.949867	4919	16.332005	667	7.181660	0.000000	87.923286	12.602338	87.923286	12.602338
curlcake_m6A.fast5	8305b0ea-d25b-497e-ae98-2977bbd24c9c	342601433403d7a69ee8c95d381d43dfb2fd98d1	0	503	3	14438.684263	29.557769	8902	TRUE	14442.031208	7894	26.210823	1029	7.391202	0.000000	91.879829	14.360804	91.879829	14.360804
curlcake_m6A.fast5	b84dd141-12ee-4a90-bd13-09ca2d2c3df1	342601433403d7a69ee8c95d381d43dfb2fd98d1	0	452	1	34409.972444	15.541169	4681	TRUE	34413.485724	3622	12.027888	505	8.030015	0.000000	95.103683	14.507342	95.103683	14.507342
curlcake_m6A.fast5	cf946d04-cc41-40b4-92c3-265cc04f2d2d	342601433403d7a69ee8c95d381d43dfb2fd98d1	0	92	1	4597.374834	6.980412	2102	FALSE	4600.060093	1293	4.295153	152	6.840260	0.000000	109.611031	16.119268	109.611031	16.119268
curlcake_m6A.fast5	d260f052-10bf-4da3-bc37-f4a309fce0c9	342601433403d7a69ee8c95d381d43dfb2fd98d1	0	144	2	16016.330013	9.360558	2819	FALSE	16019.484396	1869	6.206175	257	5.892390	0.000000	92.759064	14.214265	92.759064	14.214265
curlcake_m6A.fast5	1dc5ccd1-93bd-48c5-8071-3a4b2df76054	342601433403d7a69ee8c95d381d43dfb2fd98d1	0	156	3	13105.619522	32.241700	9711	TRUE	13105.752324	9671	32.108898	1922	7.211786	0.000000	91.440216	13.921186	91.440216	13.921186
curlcake_m6A.fast5	394539a4-fa22-4fad-ab53-9249cc43d104	342601433403d7a69ee8c95d381d43dfb2fd98d1	0	307	1	11681.668991	16.469788	4960	FALSE	11683.078685	4536	15.060093	808	6.766956	0.000000	91.586754	13.921186	91.586754	13.921186
curlcake_m6A.fast5	81ef3cee-fe1d-4204-8acf-e8c96ccdbceb	49bf85d2eb5678634ceae2b4726efdc30d70ca23	0	231	3	2851.363546	10.823705	3260	TRUE	2854.058433	2448	8.128818	520	7.120081	0.000000	109.758224	16.119366	109.758224	16.119366
curlcake_m6A.fast5	0c5ed64a-9022-4f5c-8419-f2cdaf399db5	342601433403d7a69ee8c95d381d43dfb2fd98d1	0	304	3	38850.616534	27.011288	8135	FALSE	38850.749336	8095	26.878486	1092	6.143305	0.000000	91.879829	13.774648	91.879829	13.774648
curlcake_m6A.fast5	152f4740-0375-49fe-b717-f8d6b31e7108	342601433403d7a69ee8c95d381d43dfb2fd98d1	0	504	2	3829.604250	18.020584	5427	TRUE	3831.564741	4837	16.060093	881	7.058201	0.000000	91.733292	13.774648	91.733292	13.774648
curlcake_m6A.fast5	85e446dc-3c22-4819-a92c-ec6858c53831	342601433403d7a69ee8c95d381d43dfb2fd98d1	0	229	2	38334.040173	8.092629	2437	FALSE	38334.172975	2397	7.959827	249	5.991674	0.000000	94.664070	15.093497	94.664070	15.093497
curlcake_m6A.fast5	86ae4d6c-f834-40ca-946f-60c4fa05d54e	342601433403d7a69ee8c95d381d43dfb2fd98d1	0	279	2	4677.192563	19.002988	5723	FALSE	4679.486720	5032	16.708831	867	6.949347	0.000000	94.224457	14.653881	94.224457	14.653881
curlcake_m6A.fast5	c6cd42f4-7374-4057-b1c1-c0e1e7aba8b2	342601433403d7a69ee8c95d381d43dfb2fd98d1	0	191	3	2331.252324	22.202191	6687	FALSE	2335.311753	5464	18.142762	794	6.867035	0.000000	92.172913	13.774648	92.172913	13.774648
curlcake_m6A.fast5	266f3f8c-5468-44ad-8eae-816c5f405256	342601433403d7a69ee8c95d381d43dfb2fd98d1	0	35	4	50225.616866	7.522244	2265	FALSE	50225.616866	2265	7.522244	118	4.428513	0.000000	90.854065	17.145041	90.854065	17.145041
curlcake_m6A.fast5	4d11e343-ea73-42e1-8f60-f72e22a5f2a9	342601433403d7a69ee8c95d381d43dfb2fd98d1	0	467	4	25943.522576	8.811421	2654	FALSE	25943.660027	2612	8.673971	243	6.887859	0.000000	93.638298	14.800420	93.638298	14.800420
curlcake_m6A.fast5	b5799820-b425-49de-82a0-fe25fc355d2a	342601433403d7a69ee8c95d381d43dfb2fd98d1	0	144	2	89582.369190	13.503984	4067	FALSE	89587.085657	2646	8.787517	302	6.397882	0.000000	108.145638	12.602338	108.145638	12.602338
curlcake_m6A.fast5	75cc2ca7-04fc-466b-a779-3c81d0055002	342601433403d7a69ee8c95d381d43dfb2fd98d1	0	130	3	29963.012948	33.625498	10128	FALSE	29965.081009	9505	31.557437	1178	6.473175	0.000000	93.345222	12.748877	93.345222	12.748877
curlcake_m6A.fast5	3bf0bb6c-014d-45d3-8f8d-423938833891	342601433403d7a69ee8c95d381d43dfb2fd98d1	0	511	3	13024.916999	16.107902	4851	TRUE	13026.016600	4520	15.008300	809	7.635490	0.000000	89.535210	15.533113	89.535210	15.533113
curlcake_m6A.fast5	1e78ac07-aadd-4a81-a2c8-a44107fbea66	342601433403d7a69ee8c95d381d43dfb2fd98d1	0	235	1	7092.798473	14.875166	4480	TRUE	7097.357902	3107	10.315737	403	7.252109	0.000000	87.923286	14.507342	87.923286	14.507342
curlcake_m6A.fast5	9e333c30-b480-42ec-b577-4fd47ff753fc	342601433403d7a69ee8c95d381d43dfb2fd98d1	0	183	1	19985.668327	8.416667	2535	FALSE	19985.974436	2442	8.110558	244	6.378305	0.000000	93.931374	16.265808	93.931374	16.265808
curlcake_m6A.fast5	b863b031-b1c8-4a50-8586-6f713bb3a990	342601433403d7a69ee8c95d381d43dfb2fd98d1	0	272	3	6891.435591	49.227092	14827	TRUE	6896.171647	13400	44.491036	1827	7.499367	0.000000	88.509438	13.188493	88.509438	13.188493
curlcake_m6A.fast5	61d8f7aa-1f61-465b-803a-a0a921e5d868	342601433403d7a69ee8c95d381d43dfb2fd98d1	0	136	4	27734.888778	9.856242	2968	FALSE	27737.513612	2178	7.231408	301	5.157468	0.000000	104.189095	12.455799	104.189095	12.455799
curlcake_m6A.fast5	293750eb-a8d6-4bde-9d0a-8a8928466e83	342601433403d7a69ee8c95d381d43dfb2fd98d1	0	457	3	28250.630810	19.015604	5727	FALSE	28250.630810	5727	19.015604	485	6.607244	0.000000	91.586754	14.507342	91.586754	14.507342
curlcake_m6A.fast5	d49e38b6-b8fd-4ae4-8b8c-5521ea7e94fe	342601433403d7a69ee8c95d381d43dfb2fd98d1	0	345	1	1340.775896	15.658035	4716	TRUE	1343.896746	3776	12.537185	594	7.088108	0.000000	98.327538	14.067726	98.327538	14.067726
curlcake_m6A.fast5	3b853deb-e0f3-4f0d-b491-2079eade4500	342601433403d7a69ee8c95d381d43dfb2fd98d1	0	71	1	16865.619190	22.392098	6744	FALSE	16867.237716	6257	20.773572	810	4.713099	0.000000	92.465988	13.481570	92.465988	13.481570
curlcake_m6A.fast5	97732f6b-3677-4353-8fbd-863d51765e49	342601433403d7a69ee8c95d381d43dfb2fd98d1	0	114	2	28294.310093	39.138446	11788	TRUE	28297.009628	10975	36.438911	1606	7.132217	0.000000	90.560982	13.481570	90.560982	13.481570
curlcake_m6A.fast5	72cbc7e1-e304-449e-ba69-a987e250f961	342601433403d7a69ee8c95d381d43dfb2fd98d1	0	193	3	32135.830345	15.848938	4773	TRUE	32137.731076	4201	13.948207	727	7.611551	0.000000	97.448311	14.653881	97.448311	14.653881
curlcake_m6A.fast5	62640fa0-776e-4a3a-9b37-627f64b14dc0	342601433403d7a69ee8c95d381d43dfb2fd98d1	0	395	1	21893.718459	44.228420	13321	TRUE	21898.589309	11854	39.357570	1526	7.157833	0.000000	92.612526	13.921186	92.612526	13.921186
curlcake_m6A.fast5	1c4a615c-5bb8-4c14-bdd3-f9658d2137ff	342601433403d7a69ee8c95d381d43dfb2fd98d1	0	456	3	24819.307769	35.667995	10743	FALSE	24820.738048	10312	34.237716	2290	6.995214	0.000000	89.535210	12.455799	89.535210	12.455799
curlcake_m6A.fast5	294dd4ee-683d-485b-a1d0-6ff14eddf2cc	342601433403d7a69ee8c95d381d43dfb2fd98d1	0	89	4	14421.881474	8.864874	2670	FALSE	14422.161355	2585	8.584993	375	5.992818	0.000000	101.844475	11.430027	101.844475	11.430027
curlcake_m6A.fast5	7db4d837-2f31-494b-b665-80b1c373bff5	342601433403d7a69ee8c95d381d43dfb2fd98d1	0	383	4	14242.769588	27.222444	8199	FALSE	14242.769588	8199	27.222444	632	5.123883	0.000000	88.069824	12.748877	88.069824	12.748877
curlcake_m6A.fast5	de9fa214-537d-4083-9ed9-c4e64ae24129	342601433403d7a69ee8c95d381d43dfb2fd98d1	0	160	3	25435.265604	18.983732	5717	TRUE	25438.687251	4687	15.562085	652	7.078831	0.000000	92.026375	13.921186	92.026375	13.921186
curlcake_m6A.fast5	53990d8e-386a-44d4-a625-9a5cdddde409	342601433403d7a69ee8c95d381d43dfb2fd98d1	0	219	2	487.279216	10.434263	3142	FALSE	487.279216	3142	10.434263	202	5.995407	0.000000	93.198685	16.119268	93.198685	16.119268
curlcake_m6A.fast5	d5f56d7e-7fbf-47bc-a1f4-03cbe4269567	342601433403d7a69ee8c95d381d43dfb2fd98d1	0	297	4	59390.654382	25.402722	7651	TRUE	59393.306109	6852	22.750996	893	7.319454	0.000000	96.129456	13.041954	96.129456	13.041954
curlcake_m6A.fast5	433504b9-2d55-47e6-b39b-9bf9ee49caf6	342601433403d7a69ee8c95d381d43dfb2fd98d1	0	172	4	46489.718792	20.481408	6169	FALSE	46494.064741	4860	16.135458	368	5.016357	0.000000	98.767159	13.041954	98.767159	13.041954
curlcake_m6A.fast5	a29e48ba-5720-4491-8f53-3f3ce0205a9c	342601433403d7a69ee8c95d381d43dfb2fd98d1	0	373	1	18340.419987	61.696215	18582	TRUE	18344.315737	17409	57.800465	2375	7.159967	0.000000	87.483665	12.602338	87.483665	12.602338
curlcake_m6A.fast5	a395e2f3-8adc-471d-b642-22f8e823df64	342601433403d7a69ee8c95d381d43dfb2fd98d1	0	482	1	17150.102922	2.571049	774	FALSE	17152.263944	123	0.410027	4	2.655055	0.000000	70.192093	3.956548	70.192093	3.956548
curlcake_m6A.fast5	0c847887-2054-4969-8e54-585f9c5af898	342601433403d7a69ee8c95d381d43dfb2fd98d1	0	173	3	24158.883466	71.938911	21668	FALSE	24162.775564	20495	68.046813	2464	6.989248	0.000000	87.630211	12.455799	87.630211	12.455799
curlcake_m6A.fast5	21f25159-3aef-4541-8db1-ecea333db12b	342601433403d7a69ee8c95d381d43dfb2fd98d1	0	164	3	34434.591633	57.039509	17180	FALSE	34434.591633	17180	57.039509	2246	6.798748	0.000000	89.095596	12.455799	89.095596	12.455799
curlcake_m6A.fast5	9f3d0f74-5d6a-49e4-ba4c-bb40c694565d	342601433403d7a69ee8c95d381d43dfb2fd98d1	0	315	3	18447.889110	19.958831	6011	FALSE	18451.990372	4776	15.857570	328	4.259249	0.000000	92.759064	10.111177	92.759064	10.111177
curlcake_m6A.fast5	31202f2e-6135-4e25-943c-23db4cf2998b	342601433403d7a69ee8c95d381d43dfb2fd98d1	0	294	2	32259.348606	6.582005	1982	FALSE	32260.963811	1496	4.966799	378	6.553308	0.000000	91.293678	14.214265	91.293678	14.214265
curlcake_m6A.fast5	b4fd8174-0198-4008-81f1-7e1d70f0e7ba	342601433403d7a69ee8c95d381d43dfb2fd98d1	0	352	3	2604.075365	24.658367	7427	TRUE	2607.850930	6289	20.882802	948	7.708352	0.000000	93.198685	13.628109	93.198685	13.628109
curlcake_m6A.fast5	7e472a6b-505e-4bb1-818d-4e8354a08e45	342601433403d7a69ee8c95d381d43dfb2fd98d1	0	458	4	22824.165339	36.115870	10878	TRUE	22826.510292	10171	33.770916	2161	7.321602	0.000000	94.664070	13.335032	94.664070	13.335032
curlcake_m6A.fast5	7bbf2add-09f4-4d0a-b244-f1b90631432e	342601433403d7a69ee8c95d381d43dfb2fd98d1	0	187	4	41456.569721	30.217795	9101	TRUE	41460.448539	7933	26.338977	998	7.289050	0.000000	90.414444	12.016182	90.414444	12.016182
curlcake_m6A.fast5	1e06cec4-6d23-45e8-b60c-133bf45d1ad3	342601433403d7a69ee8c95d381d43dfb2fd98d1	0	48	2	7304.937915	47.396746	14275	TRUE	7307.852922	13397	44.481740	2364	7.305843	0.000000	89.095596	12.748877	89.095596	12.748877
curlcake_m6A.fast5	370243c7-1010-45ff-822d-c14f5b937119	342601433403d7a69ee8c95d381d43dfb2fd98d1	0	273	3	15257.216467	12.048141	3628	FALSE	15259.591965	2913	9.672643	407	6.668524	0.000000	98.913696	13.188493	98.913696	13.188493
curlcake_m6A.fast5	4a697bf3-61bd-4df6-a946-ea0a77fdd2ed	342601433403d7a69ee8c95d381d43dfb2fd98d1	0	509	3	34450.686255	20.044821	6037	FALSE	34452.763944	5411	17.967131	595	4.870379	0.000000	89.828293	13.921186	89.828293	13.921186
curlcake_m6A.fast5	894d763d-f3f8-41d8-9380-8004e8374aa2	342601433403d7a69ee8c95d381d43dfb2fd98d1	0	142	2	38514.377158	38.183267	11500	FALSE	38514.377158	11500	38.183267	1207	6.096041	0.000000	91.440216	13.041954	91.440216	13.041954
curlcake_m6A.fast5	89d8a7b3-62a6-4f95-ba83-f1cafb5e79db	342601433403d7a69ee8c95d381d43dfb2fd98d1	0	464	1	4043.499668	11.900398	3584	TRUE	4046.019920	2825	9.380146	478	7.514555	0.000000	94.517532	14.653881	94.517532	14.653881
curlcake_m6A.fast5	d9289a0d-1866-4753-a6ac-599d04d5a5a5	342601433403d7a69ee8c95d381d43dfb2fd98d1	0	142	3	10514.090637	28.456507	8571	FALSE	10514.090637	8571	28.456507	807	6.738741	0.000000	92.612526	15.240036	92.612526	15.240036
curlcake_m6A.fast5	653d4873-3277-45dc-9513-fea4982b014e	342601433403d7a69ee8c95d381d43dfb2fd98d1	0	148	4	15723.445219	29.534861	8895	TRUE	15726.398738	8006	26.581341	1345	7.050882	0.000000	89.828293	13.188493	89.828293	13.188493
curlcake_m6A.fast5	be119b22-f323-4265-a419-54558ab8604f	342601433403d7a69ee8c95d381d43dfb2fd98d1	0	386	1	19907.448539	41.364874	12459	TRUE	19910.558433	11522	38.254980	1754	7.591246	0.000000	91.440216	12.309260	91.440216	12.309260
curlcake_m6A.fast5	d0322c0c-9436-487c-b785-9c03d458da11	342601433403d7a69ee8c95d381d43dfb2fd98d1	0	156	3	10343.424635	22.566069	6796	TRUE	10346.101926	5990	19.888778	963	7.785478	0.000000	87.630211	13.188493	87.630211	13.188493
curlcake_m6A.fast5	d76bd52b-9bfa-4557-8082-68ccfdad43a4	342601433403d7a69ee8c95d381d43dfb2fd98d1	0	462	1	549.757636	7.895750	2378	FALSE	552.485724	1556	5.167663	202	6.062384	0.000000	103.309860	12.895415	103.309860	12.895415
curlcake_m6A.fast5	682d016f-9327-4f52-93dd-498f23e8e76a	342601433403d7a69ee8c95d381d43dfb2fd98d1	0	206	4	65172.758632	57.274900	17251	TRUE	65177.184263	15918	52.849270	2169	7.854535	0.000000	96.569077	13.628109	96.569077	13.628109
curlcake_m6A.fast5	d4c50d8d-aad2-4a78-b143-f4f157ea87c4	342601433403d7a69ee8c95d381d43dfb2fd98d1	0	200	1	26208.326361	7.228420	2177	FALSE	26209.030544	1965	6.524236	264	6.087598	0.000000	93.052147	12.895415	93.052147	12.895415
curlcake_m6A.fast5	a84d943e-d6d9-4ac2-9412-c93881db5f93	342601433403d7a69ee8c95d381d43dfb2fd98d1	0	385	1	6326.984728	27.951527	8419	TRUE	6331.035525	7198	23.900730	794	7.086221	0.000000	97.448311	13.481570	97.448311	13.481570
curlcake_m6A.fast5	c4cafd5b-21b5-40c9-a56c-4d61cca4556b	342601433403d7a69ee8c95d381d43dfb2fd98d1	0	3	3	17317.692231	12.729748	3834	FALSE	17320.113546	3104	10.308433	483	6.978794	0.000000	95.689842	13.628109	95.689842	13.628109
curlcake_m6A.fast5	4c0797b6-b922-49f8-8703-ffaf208cbc0d	342601433403d7a69ee8c95d381d43dfb2fd98d1	0	434	2	13757.577357	7.802457	2350	FALSE	13759.878154	1657	5.501660	220	4.090941	0.000000	89.388672	11.723104	89.388672	11.723104
curlcake_m6A.fast5	51156e8c-497f-4774-8d1f-2a9540c6f05f	342601433403d7a69ee8c95d381d43dfb2fd98d1	0	412	3	28498.487052	11.356574	3420	FALSE	28502.620186	2175	7.223440	261	6.887053	0.000000	85.285583	12.162721	85.285583	12.162721
curlcake_m6A.fast5	76aea419-3938-45e9-80d6-ad13f187ce98	342601433403d7a69ee8c95d381d43dfb2fd98d1	0	31	2	24805.258964	40.980744	12343	TRUE	24809.066401	11196	37.173307	1459	7.365308	0.000000	89.681747	13.481570	89.681747	13.481570
curlcake_m6A.fast5	d210f6d2-1768-4e87-9dd9-579c06523fdc	342601433403d7a69ee8c95d381d43dfb2fd98d1	0	181	2	6919.736056	14.558433	4385	FALSE	6923.379814	3287	10.914675	456	6.504671	0.000000	93.638298	14.067726	93.638298	14.067726
curlcake_m6A.fast5	7c75ff4b-b1d3-4f81-80d8-7bc665a0afda	342601433403d7a69ee8c95d381d43dfb2fd98d1	0	207	2	184.238048	29.971116	9027	FALSE	184.370850	8987	29.838313	766	6.986031	0.000000	94.664070	14.360804	94.664070	14.360804
curlcake_m6A.fast5	b5ad398d-5d46-491d-ab6f-0bc3b0e6b7bc	342601433403d7a69ee8c95d381d43dfb2fd98d1	0	205	3	14457.846282	44.574701	13425	TRUE	14462.431275	12044	39.989708	1751	7.569255	0.000000	88.069824	12.748877	88.069824	12.748877
curlcake_m6A.fast5	c6a5408d-cb12-4e39-a60c-99af65e30612	342601433403d7a69ee8c95d381d43dfb2fd98d1	0	268	3	33255.868858	17.875166	5384	TRUE	33258.385790	4625	15.358234	684	7.484756	0.000000	103.309860	14.507342	103.309860	14.507342
curlcake_m6A.fast5	8b584557-b83a-472e-9a3a-a2c7685f3357	342601433403d7a69ee8c95d381d43dfb2fd98d1	0	3	3	20213.567065	12.593958	3793	FALSE	20215.698207	3151	10.462815	588	6.403535	0.000000	95.543304	11.576566	95.543304	11.576566
curlcake_m6A.fast5	e0a5e40c-ed6b-45f2-a574-53d28d7c72c7	342601433403d7a69ee8c95d381d43dfb2fd98d1	0	449	4	32191.655046	40.678951	12252	TRUE	32191.655046	12252	40.678951	1275	7.439626	0.000000	97.594849	13.774648	97.594849	13.774648
curlcake_m6A.fast5	8c31d474-e828-4562-b35c-c248c643d1fb	342601433403d7a69ee8c95d381d43dfb2fd98d1	0	44	1	29820.644422	16.813081	5064	FALSE	29824.561089	3884	12.896414	599	6.655135	0.000000	92.319450	13.628109	92.319450	13.628109
curlcake_m6A.fast5	d94b4032-9818-4bb3-a7fc-68a30ba79dba	342601433403d7a69ee8c95d381d43dfb2fd98d1	0	329	1	4537.264940	32.666335	9839	TRUE	4537.264940	9839	32.666335	1477	7.559386	0.000000	94.077919	14.360804	94.077919	14.360804
curlcake_m6A.fast5	97a407d5-532a-41f0-8acf-538ca5bd8ade	342601433403d7a69ee8c95d381d43dfb2fd98d1	0	380	3	7077.781541	36.799801	11084	TRUE	7081.704847	9902	32.876494	1922	7.325733	0.000000	88.949059	14.067726	88.949059	14.067726
curlcake_m6A.fast5	9eea589f-c3df-4d4d-844e-b401f0b045cb	342601433403d7a69ee8c95d381d43dfb2fd98d1	0	55	2	14451.450531	11.575365	3486	FALSE	14451.450531	3486	11.575365	317	6.279603	0.000000	86.164818	12.748877	86.164818	12.748877
curlcake_m6A.fast5	3bab7e3c-7401-4617-9c07-d6c10779ee61	342601433403d7a69ee8c95d381d43dfb2fd98d1	0	259	2	19709.061421	29.265936	8814	TRUE	19709.194223	8774	29.133134	1334	7.270921	0.000000	88.216362	13.481570	88.216362	13.481570
curlcake_m6A.fast5	ee8fd65a-01c8-4adf-a721-5634afbc8c67	342601433403d7a69ee8c95d381d43dfb2fd98d1	0	339	1	19445.827357	52.389110	15779	FALSE	19449.133134	14783	49.083333	1815	6.389547	0.000000	95.103683	13.481570	95.103683	13.481570
curlcake_m6A.fast5	9c0556ac-bcd2-4481-88c1-5da6f4b33268	342601433403d7a69ee8c95d381d43dfb2fd98d1	0	494	4	34526.363546	23.864874	7188	FALSE	34529.772908	6161	20.455511	772	6.800119	0.000000	100.379082	15.679652	100.379082	15.679652
curlcake_m6A.fast5	d490544a-db79-4cdf-96c7-51c2c402e00c	342601433403d7a69ee8c95d381d43dfb2fd98d1	0	71	1	22684.461487	20.569057	6195	FALSE	22684.651062	6138	20.379482	637	6.553983	0.000000	90.854065	14.946959	90.854065	14.946959
curlcake_m6A.fast5	bc8c3676-12db-4206-a26f-2a4d688310cc	342601433403d7a69ee8c95d381d43dfb2fd98d1	0	326	4	18987.256972	32.168991	9689	TRUE	18990.188579	8806	29.237384	1255	7.523921	0.000000	95.543304	13.921186	95.543304	13.921186
curlcake_m6A.fast5	eccbcf2a-1897-47e1-b0e7-bc09b12e30bb	342601433403d7a69ee8c95d381d43dfb2fd98d1	0	117	1	2809.012284	23.662019	7127	FALSE	2809.012284	7127	23.662019	791	4.833432	0.000000	103.016785	9.671561	103.016785	9.671561
curlcake_m6A.fast5	bd870fb6-dd6c-4be5-afee-81b27bfd4680	342601433403d7a69ee8c95d381d43dfb2fd98d1	0	98	4	7443.081673	35.975100	10835	FALSE	7445.654714	10060	33.402058	1563	6.963585	0.000000	84.845970	13.628109	84.845970	13.628109
curlcake_m6A.fast5	f07a9238-f274-43c6-b68b-d7c6884cd237	342601433403d7a69ee8c95d381d43dfb2fd98d1	0	448	1	13774.114542	11.356906	3420	FALSE	13774.357238	3347	11.114210	325	6.982114	0.000000	90.267906	12.162721	90.267906	12.162721
curlcake_m6A.fast5	9612b6e0-44ba-49a9-8c11-fd1e5731cfa1	342601433403d7a69ee8c95d381d43dfb2fd98d1	0	93	3	12942.116202	55.585657	16742	TRUE	12946.087649	15546	51.614210	2056	7.640645	0.000000	92.026375	13.335032	92.026375	13.335032
curlcake_m6A.fast5	da50fad2-326a-4c12-82f8-c0a487e32cf2	342601433403d7a69ee8c95d381d43dfb2fd98d1	0	41	4	7097.256640	23.442895	7061	FALSE	7097.389442	7021	23.310093	619	6.626954	0.000000	97.155228	15.533113	97.155228	15.533113
curlcake_m6A.fast5	b2665384-0962-40a1-acc7-ee6e02d72591	342601433403d7a69ee8c95d381d43dfb2fd98d1	0	183	1	23381.718792	42.957835	12938	TRUE	23384.690903	12043	39.985724	2051	7.008508	0.000000	90.121368	12.748877	90.121368	12.748877
curlcake_m6A.fast5	86466a6c-4aee-44bd-8d21-e49d276f989b	342601433403d7a69ee8c95d381d43dfb2fd98d1	0	291	1	21813.607570	54.715139	16480	TRUE	21817.159363	15410	51.163347	2155	7.873266	0.000000	90.414444	13.481570	90.414444	13.481570
curlcake_m6A.fast5	bd5e05fb-5005-4d35-b607-2176eb3f7a94	342601433403d7a69ee8c95d381d43dfb2fd98d1	0	351	1	45450.807437	29.887118	9002	FALSE	45452.584661	8466	28.109894	1035	5.661686	0.000000	98.474083	15.972731	98.474083	15.972731
curlcake_m6A.fast5	f0a038dd-c8ce-492b-ac52-0cb41cf014e4	342601433403d7a69ee8c95d381d43dfb2fd98d1	0	463	3	7058.724768	13.818725	4162	TRUE	7060.178951	3724	12.364542	844	7.528426	0.000000	93.198685	14.067726	93.198685	14.067726
curlcake_m6A.fast5	f14f4094-55ed-42b7-b28a-42648bd49d12	342601433403d7a69ee8c95d381d43dfb2fd98d1	0	276	4	28900.841965	4.921647	1482	FALSE	28902.790505	895	2.973108	127	5.404560	0.000000	110.197182	9.671561	110.197182	9.671561
curlcake_m6A.fast5	dbf119ef-3512-4768-b25c-fa7175d3d5b3	342601433403d7a69ee8c95d381d43dfb2fd98d1	0	339	4	46329.818393	11.895086	3582	FALSE	46334.652390	2126	7.061089	234	5.006954	0.000000	105.068329	11.136950	105.068329	11.136950
curlcake_m6A.fast5	be51a2fe-ec37-4a26-aae2-321bc9520148	342601433403d7a69ee8c95d381d43dfb2fd98d1	0	259	2	10372.223772	39.389774	11864	TRUE	10375.561421	10858	36.052125	1717	7.391188	0.000000	87.044052	13.335032	87.044052	13.335032
curlcake_m6A.fast5	c4e246b0-941e-4471-8b11-aca077a13eca	342601433403d7a69ee8c95d381d43dfb2fd98d1	0	447	1	10431.107902	25.768592	7761	TRUE	10433.707835	6978	23.168659	1419	7.616515	0.000000	92.026375	14.067726	92.026375	14.067726
curlcake_m6A.fast5	aba0341e-3f5b-4794-aa75-8c18ac905bb0	342601433403d7a69ee8c95d381d43dfb2fd98d1	0	15	1	2221.512284	36.725100	11061	TRUE	2221.512284	11061	36.725100	1040	7.390118	0.000000	94.077919	13.041954	94.077919	13.041954
curlcake_m6A.fast5	b7b8e16c-f4c6-431a-a3e6-972e2cb5f4f5	342601433403d7a69ee8c95d381d43dfb2fd98d1	0	203	2	3400.047809	47.644090	14350	TRUE	3404.669655	12958	43.022244	1803	7.199810	0.000000	92.319450	13.774648	92.319450	13.774648
curlcake_m6A.fast5	f1ce64f5-6e4d-4c97-83c1-d44b1878a3d4	342601433403d7a69ee8c95d381d43dfb2fd98d1	0	273	3	28016.580345	36.083333	10868	TRUE	28020.210159	9775	32.453519	1270	7.502661	0.000000	89.095596	13.921186	89.095596	13.921186
curlcake_m6A.fast5	f2b1f41a-69b4-41a6-b921-e03d3fe07adb	342601433403d7a69ee8c95d381d43dfb2fd98d1	0	461	3	58874.605578	4.438579	1336	FALSE	58874.605578	1336	4.438579	37	4.533107	0.000000	101.991013	27.549295	101.991013	27.549295
curlcake_m6A.fast5	dd41fc5b-9e3a-4bf4-b260-f9a740a5174f	342601433403d7a69ee8c95d381d43dfb2fd98d1	0	39	4	2521.932271	30.387118	9152	FALSE	2521.932271	9152	30.387118	950	6.589050	0.000000	91.733292	13.481570	91.733292	13.481570
curlcake_m6A.fast5	da1282f3-d889-4e46-a489-996942d622be	342601433403d7a69ee8c95d381d43dfb2fd98d1	0	237	2	20190.519256	22.692895	6835	FALSE	20190.674303	6788	22.537849	679	6.616425	0.000000	86.750977	11.283488	86.750977	11.283488
curlcake_m6A.fast5	f5027fec-e053-4c3f-9ae8-7fe8165964e5	342601433403d7a69ee8c95d381d43dfb2fd98d1	0	391	1	5546.386786	17.888778	5388	TRUE	5546.386786	5388	17.888778	470	7.151834	0.000000	93.198685	15.093497	93.198685	15.093497
curlcake_m6A.fast5	f8394787-fe6f-4ff1-b0e9-63b1250af9fc	342601433403d7a69ee8c95d381d43dfb2fd98d1	0	458	4	2431.340969	15.792829	4756	TRUE	2434.379482	3841	12.754316	733	7.613503	0.000000	99.206772	14.800420	99.206772	14.800420
curlcake_m6A.fast5	f83c587e-b809-4ab0-9535-3ac0d1ea76ed	342601433403d7a69ee8c95d381d43dfb2fd98d1	0	111	4	6552.325033	31.884130	9603	TRUE	6556.017264	8491	28.191899	1409	7.374763	0.000000	90.267906	14.360804	90.267906	14.360804
curlcake_m6A.fast5	f8741829-a303-4dcf-a116-2d59fc511e37	342601433403d7a69ee8c95d381d43dfb2fd98d1	0	443	2	24477.668991	58.370186	17581	TRUE	24480.890106	16610	55.149070	2292	7.315406	0.000000	85.871742	12.602338	85.871742	12.602338
curlcake_m6A.fast5	f99a875c-8d1f-4f41-8bce-1e70144d515f	342601433403d7a69ee8c95d381d43dfb2fd98d1	0	27	2	1923.551461	27.581009	8307	TRUE	1923.551461	8307	27.581009	1578	7.490190	0.000000	98.913696	14.214265	98.913696	14.214265
curlcake_m6A.fast5	fcaa9323-1fa1-4e49-bc26-96f29254c690	342601433403d7a69ee8c95d381d43dfb2fd98d1	0	248	3	9774.496680	6.473772	1949	TRUE	9776.790505	1259	4.179947	268	7.198965	0.000000	94.664070	14.067726	94.664070	14.067726
curlcake_m6A.fast5	fdf43d0e-15e0-43bd-9ffe-a149f3e897e5	342601433403d7a69ee8c95d381d43dfb2fd98d1	0	6	3	18183.546813	9.957835	2999	TRUE	18186.391766	2142	7.112882	262	7.046151	0.000000	96.276001	13.041954	96.276001	13.041954
